Dropout Rate Tests

rc_standard_dropout_results
0.6965203227907433 0.23148166686318777
0.6909860572818758 0.2506388563105326
0.6966270000405134 0.26983723087928957
0.6953260468561735 0.3077324039286758
0.6982431916894858 0.31160312007531354
0.6453465952558102 0.3243731432930128
0.6894290154868851 0.345040370855473
0.6907850195208517 0.34583723767050234
0.6181772531147647 0.44171362687165616
0.6201294523334743 0.48972109446486006

rc_standard_mcdropout_results
0.7007236019081298 0.23148166686318777
0.6746252978134981 0.2506388563105326
0.6824294676488222 0.26983723087928957
0.6935610720047076 0.3077324039286758
0.667390160788989 0.31160312007531354
0.6814471245066951 0.3243731432930128
0.6952013466559823 0.345040370855473
0.6888090325191086 0.34583723767050234
0.6673518767867191 0.44171362687165616
0.670468609806148 0.48972109446486006

rc_rc_spatial_dropout_results
0.6981567471322213 0.23148166686318777
0.7011350118428699 0.2506388563105326
0.696900251118841 0.26983723087928957
0.6640963589323343 0.3077324039286758
0.6432995299302583 0.31160312007531354
0.699365777853997 0.3243731432930128
0.6407013454101748 0.345040370855473
0.6973421301654147 0.34583723767050234
0.676636318584582 0.44171362687165616
0.5113624788228657 0.48972109446486006

rc_orig_spatial_dropout_results
0.6987448151318143 0.23148166686318777
0.6851951159294731 0.2506388563105326
0.6874719152308154 0.26983723087928957
0.6578120625851945 0.3077324039286758
0.664772401632844 0.31160312007531354
0.6701472723943781 0.3243731432930128
0.6388917680007011 0.345040370855473
0.6910083172293271 0.34583723767050234
0.6189342355183832 0.44171362687165616
0.6162766811937812 0.48972109446486006

reg_dropout
0.6431393622999911 0.23148166686318777
0.6346009666068887 0.2506388563105326
0.6369358864056693 0.26983723087928957
0.6358007727843858 0.3077324039286758
0.6358616143255592 0.31160312007531354
0.6319234078750154 0.3243731432930128
0.6334208104837823 0.345040370855473
0.6182111759116369 0.34583723767050234
0.5956512227243037 0.44171362687165616
0.5451097185583803 0.48972109446486006

augment_dropout
0.6765548799989478 0.23148166686318777
0.6691534104360024 0.2506388563105326
0.6787850091353745 0.26983723087928957
0.6732538768106514 0.3077324039286758
0.6593910448606853 0.31160312007531354
0.6545247872592579 0.3243731432930128
0.6563941858074968 0.345040370855473
0.6575009471717772 0.34583723767050234
0.5984239514395812 0.44171362687165616
0.5826725044463763 0.48972109446486006

augment_spatial_dropout 
0.669020352511948 0.23148166686318777
0.6836224756723582 0.2506388563105326
0.6602486297460879 0.26983723087928957
0.6521221577166061 0.3077324039286758
0.6799310309639727 0.31160312007531354
0.6765557378049645 0.3243731432930128
0.6678386771654299 0.345040370855473
0.6731114338834404 0.34583723767050234
0.6204695851847916 0.44171362687165616
0.6220965640875851 0.48972109446486006

siamese_dropout 
0.6944764438842554 0.23148166686318777
0.6992307707101123 0.2506388563105326
0.6907424271423449 0.26983723087928957
0.6868197939463266 0.3077324039286758
0.695467676815006 0.31160312007531354
0.6802796395818406 0.3243731432930128
0.6845417571774491 0.345040370855473
0.6611645364398266 0.34583723767050234
0.6569897220463193 0.44171362687165616
0.635913449883874 0.48972109446486006

siamese_spatial_dropout
0.692900663487501 0.23148166686318777
0.6995380287016464 0.2506388563105326
0.6961979930797785 0.26983723087928957
0.6830951847059958 0.3077324039286758
0.6843183170738683 0.31160312007531354
0.6786251218510599 0.3243731432930128
0.6848099104981786 0.345040370855473
0.6725983493708951 0.34583723767050234
0.6799564048936679 0.44171362687165616
0.6189364221583953 0.48972109446486006