Using dropout during test time and averaged the results

rc_standard_dropout_results_new
[0.6958916943692136,
 0.6843485777968871,
 0.6779077018000076,
 0.7002931754201415,
 0.6973881067731453,
 0.6963876240375708,
 0.6948074584143921,
 0.6779246753051265,
 0.676155429626306,
 0.6994119729804062]
 
 rc_standard_mcdropout_results_new
 [0.6979610018828993,
 0.6877577400982863,
 0.6930685978806679,
 0.6860559060746514,
 0.687045583537091,
 0.6732459564975969,
 0.6979207020805502,
 0.6945380596333659,
 0.6947131261769974,
 0.7060261131959555]
 
 rc_standard_spatial_dropout_results_new
 [0.6983699391478974,
 0.7004559139841001,
 0.701413926775741,
 0.6882166563356181,
 0.6909890932275887,
 0.6825157510044837,
 0.7008230500257473,
 0.6838789660052362,
 0.6968622612886594,
 0.6977730161089594]
 
 reg_dropout_new
 [0.6494361801841305,
 0.6250268743366575,
 0.6429804351505727,
 0.6436024997411696,
 0.6566440959789229,
 0.6310361899419757,
 0.6471561349240628,
 0.6382531966480597,
 0.6595465475308244,
 0.6383576341508332]
 
 augment_spatial_dropout_new
 [0.6769837117295974,
 0.6897852235260195,
 0.6945260240576556,
 0.6822775778058784,
 0.6798732723638904,
 0.6888830837777723,
 0.6856831592081712,
 0.6781525283205629,
 0.6820759717751707,
 0.6917223274895488]
 
 augment_dropout_new
 [0.6806833493977178,
 0.6671906302875772,
 0.6851462826169931,
 0.6776754115918925,
 0.6832958516661727,
 0.6760774577074378,
 0.6648602454511703,
 0.6639520598886491,
 0.6759814309466885,
 0.6848952504719826]
 
 rc_spatial_dropout_orig
 [0.6932703254982138,
 0.6935317969986098,
 0.6624113146444186,
 0.6919428737238237,
 0.6909054625070278,
 0.6848580377784951,
 0.6959858012492037,
 0.6911228718156539,
 0.6914782644391351,
 0.6712357457522795]
 
 siamese_dropout_new
 [0.681691226561087,
 0.6822274831943596,
 0.6810739589737252,
 0.6981937906109005,
 0.6877440936121711,
 0.6871012413877955,
 0.6885304049837127,
 0.6917742106216209,
 0.6947090070838838,
 0.6927540335434865]
 
 siamese_spatial_dropout_new 
 [0.6897874184963396,
 0.6913275305754312,
 0.687530343535053,
 0.6976374554556597,
 0.6861811140930172,
 0.7031328805250127,
 0.694774784027017,
 0.6772422907972095,
 0.6952158858737107,
 0.7010276572813667]