3 conv layers 
relu activation 
2 regular dropout layers, dropout rate (0.2)
RevCompSumPool
Max Pooling: strides - 40, pool_size - 40

rc_standard_dropout_results
[0.6811627543931971,
 0.6687904688706259,
 0.6661422098924067,
 0.6878716195887954,
 0.6843109505046869,
 0.6727419259803749,
 0.6822033884593673,
 0.6702153802321352,
 0.672359153390422,
 0.6871754642434692]
 
 rc_standard_mcdropout_results
 [0.65200825438982,
 0.6490024178434057,
 0.6454444443082363,
 0.6373549356679176,
 0.6383512316711006,
 0.6284018131936767,
 0.6439670138365007,
 0.6509400096708748,
 0.6425291657274718,
 0.6559704384338289]
 
 rc_standard_spatial_dropout_results
 [0.6832398563239045,
 0.6891674170787302,
 0.6855838358396384,
 0.6751920172968953,
 0.683010664886895,
 0.6695354015665536,
 0.6871640269651632,
 0.6754935677515213,
 0.6806519710752905,
 0.6848612952635184]
 
 reg_dropout
 [0.6277982448147362,
 0.6207699575054914,
 0.6319043205263305,
 0.6340663784091382,
 0.6469571125067815,
 0.6251629023581405,
 0.6362376256517055,
 0.6301224052239611,
 0.6476221280891435,
 0.6293514701088838]
 
 augment_dropout
 [0.6695384733317233,
 0.6586903456201354,
 0.6777855828404451,
 0.666217649271506,
 0.6731843699974095,
 0.6661631611560348,
 0.6555123049719792,
 0.6597305721400197,
 0.6676908405810941,
 0.6796599639654254]
 
 augment_spatial_dropout
 [0.6697748717039281,
 0.6807957508288227,
 0.6866484277110656,
 0.6758620092399285,
 0.6724681161095051,
 0.6746026678393932,
 0.6742790758047834,
 0.6704218125496423,
 0.675161726700419,
 0.6803357383682485]
 
 siamese
 [0.6663681793915537,
 0.6623461163999166,
 0.655423830454887,
 0.6614588616090835,
 0.674811335861268,
 0.6620583372738233,
 0.6656831839362757,
 0.6695923248238711,
 0.6735047577176266,
 0.6615256060251907]
 
siamese_dropout 
[0.6726261552334187,
 0.6763016660160714,
 0.6725127562352501,
 0.690650119132591,
 0.6750641767749301,
 0.6776014074563715,
 0.6819967550819576,
 0.6840404700227372,
 0.6800748640012315,
 0.6795677424507172]
 
 siamese_spatial_dropout
 [0.6756797923255619,
 0.6807869588570329,
 0.6781479463498155,
 0.6770424465007907,
 0.6736497988473426,
 0.6895577968680006,
 0.6878681356637636,
 0.6725059517808182,
 0.6855010733662213,
 0.687893018256105]
 
 
