avg_pooling_weight_dist_auroc 
[0.6195022199097052,
0.6189628649685545,
0.6416144867750067,
0.6226944766948376,
0.6217029166953344,
0.6235230012094933,
0.6121682329424253,
0.620702063443745,
0.6171302624090151,
0.6115562994250979]

max_pooling_weight_dist_auroc
[0.6393784866167251,
0.6316061207911662,
0.6368282806560032,
0.6387984875380499,
0.6394134715464533,
0.6392997699339346,
0.6155711300301525,
0.6380784128002792,
0.6519535760654067,
0.5999003023094753]

weight_dist_pooling_weight_dist_auroc
[0.6088440341290057,
0.6161449219106425,
0.6258059792720697,
0.6199024767579616,
0.6076295358798475,
0.6132210930771528,
0.6222855437614985,
0.5930614399001204,
0.6059277412235239,
0.6059184490613384]

avg_pooling_auroc
[0.6258945812685379,
0.03054110154627962,
0.6151315060453715,
0.6327434981377427,
0.6151796917622813,
0.6184899565622368,
0.6004718995486537,
0.6179947461289397,
0.6237592129404163,
0.6090524500144271]

max_pooling_auroc
[0.6249357522962564,
0.034538283058014194,
0.6245976872676411,
0.627613374293112,
0.6298465930988139,
0.6216406751320058,
0.6321831134441913,
0.6454331615134555,
0.033003468726122795,
0.6175164366889015]

weight_dist_pooling_auroc
[0.6160005779029808,
0.021649769144694807,
0.6118416589469122,
0.6262519172950779,
0.5970860608175326,
0.6154802895461595,
0.608156784472162,
0.6145960296828269,
0.02338650262084739,
0.6136543499216431]

Stride size is set to the same as the strides size for max pooling
weight_dist_pooling_new_auroc
[0.6044648143077437,
0.6182007045820583, 
0.6214947816547074, 
0.6173431882979796,
0.6045242763411327,
0.6151524140275882,
0.6056962208079119,
0.6283460658759404,
0.5990384583507375,
0.6076400128811317]