SPI1 Results 
augment_dropout
0.45463428897996166
0.4726527177343519
0.4679463033108798
0.4632576309810454
0.4742213653426688
0.4718218782786623
0.45813870238378146
0.47250278066757745
0.4630992466066036
0.46767661449055725

augment_spatial_dropout
0.46059807435976596
0.44534098679754225
0.46301960524566077
0.4776025048903773
0.48185614248609
0.47883773612301916
0.45864247835093724
0.47251287605575854
0.4688248774819257
0.47307365910008203

rc_dropout/rc_dropout
0.4692089944117755
0.48227077640319505
0.46985808255947914
0.46213689572550115
0.4700650062275364
0.46925069855347684
0.4637194239846263
0.46579501542835866
0.4712389925291795
0.4596205452508289

rc_mc_dropout
0.45630072299153235
0.47612151356564036
0.4610694946652928
0.463086742527389
0.47168629107346
0.4655322082052166
0.4682404810411239
0.4700127076041629
0.47074186527754375
0.4667441421693009

rc_orig_spatial_dropout/rc_orig_spatial_dropout
0.4679235296813059
0.4605579209629828
0.46625429577733984
0.4628782686420376
0.4583624278238355
0.4636946971512876
0.46597941674667426
0.45699178101698246
0.46652209102198144
0.46981700663748066

rc_rc_spatial_dropout
0.46144131580141245
0.4732774074720061
0.4625085247493797
0.46777566259074044
0.46574992045741914
0.471198233156868
0.45693577805092367
0.4738568280997885
0.462650251457003
0.46741000573710767

siamese_dropout 
[0.4730316766687689,
0.4810649387748884,
0.47784218826848557,
0.47814025638546626,
0.48561589112561826,
0.4663677670421616,
0.4721360130576021,
0.47405212537670144,
0.48099384960074126,
0.47805460059061106]

siamese_spatial_dropout
0.46194478810024064
0.4576020223415144
0.48153490508310964
0.4711125109334234
0.4702065254298565
0.46789963286917996
0.46824804726396546
0.4674804181334024
0.44938423987479165
0.4668907468130433
